signals is in color kRed

364364.Sherpa_222_NNPDF30NNLO_lllljj_EW6_noHiggs.root
45.3012(1)      45.0277(0.993962)       35.9333(0.793209)       29.182(0.644177)        26.3517(0.5817)        20.9589(0.462656)       17.8803(0.394697)

344235.PowhegPy8EG_NNPDF30_AZNLOCTEQ6L1_VBFH125_ZZ4lep_notau.root
8.76578(1)      8.70719(0.993317)       7.35972(0.839597)       6.65054(0.758694)       6.54308(0.746435)      5.382(0.613979)          4.0032(0.456685)

higgses is in color kGreen
345038.PowhegPythia8EvtGen_NNPDF30_AZNLO_ZH125J_Zincl_MINLO.root
1.74574(1)      1.69387(0.970287)       0.40502(0.232005)       0.237094(0.135813)      0.171827(0.0984266)    0.0783588(0.0448858)    0.058583(0.0335577)
345039.PowhegPythia8EvtGen_NNPDF30_AZNLO_WpH125J_Wincl_MINLO.root
1.4521(1)       1.40785(0.969528)       0.357089(0.245912)      0.206671(0.142326)      0.149156(0.102717)     0.065771(0.0452937)     0.047919(0.0329998)
345040.PowhegPythia8EvtGen_NNPDF30_AZNLO_WmH125J_Wincl_MINLO.root
0.98336(1)      0.950016(0.966092)      0.226051(0.229876)      0.132872(0.135121)      0.095858(0.0974801)    0.0401767(0.0408566)    0.0282344(0.0287122)

gg4ls is in color kBlue
345060.PowhegPythia8EvtGen_NNLOPS_nnlo_30_ggH125_ZZ4l.root
30.0473(1)      28.8171(0.959059)       11.8795(0.395361)       8.36857(0.278514)       7.39747(0.246195)      4.64556(0.154608)       3.40333(0.113266)
345706.Sherpa_222_NNPDF30NNLO_ggllll_130M4l.root
94.1753(1)      88.5724(0.940506)       38.0038(0.403543)       28.5855(0.303535)       26.5524(0.281947)      19.1154(0.202977)       17.4087(0.184854)
345708.Sherpa_222_NNPDF30NNLO_ggllllNoHiggs_0M4l130.root
1.37989(1)      1.30999(0.949346)       0.574373(0.416245)      0.424354(0.307528)      0.379706(0.275171)     0.237337(0.171997)      0.0382471(0.0277175)

tribosons is in color kYellow
364243.Sherpa_222_NNPDF30NNLO_WWZ_4l2v_EW6.root
5.60395(1)      5.49876(0.981229)       2.94166(0.524926)       1.74448(0.311294)       1.14308(0.203978)      0.482284(0.0860614)     0.253188(0.0451802)
364245.Sherpa_222_NNPDF30NNLO_WZZ_5l1v_EW6.root
2.23366(1)      2.19198(0.981341)       1.24059(0.555408)       0.72489(0.32453)        0.490987(0.219813)     0.195818(0.0876671)     0.165768(0.0742137)
364247.Sherpa_222_NNPDF30NNLO_ZZZ_6l0v_EW6.root
0.282054(1)     0.273447(0.969483)      0.113192(0.401314)      0.0684416(0.242654)     0.0515892(0.182905)    0.0243858(0.0864577)    0.0213966(0.0758599)
364248.Sherpa_222_NNPDF30NNLO_ZZZ_4l2v_EW6.root
1.72339(1)      1.66481(0.966008)       0.790532(0.458709)      0.446924(0.259329)      0.319608(0.185454)     0.104958(0.0609024)     0.0978974(0.0568053)

qq4ls is in color kMagenta
364250.Sherpa_222_NNPDF30NNLO_llll.root
671.522(1)      643.552(0.958349)       284.539(0.423723)       177.411(0.264192)       138.417(0.206125)      87.8107(0.130764)       66.6534(0.0992573)
346340.PowhegPy8EG_A14NNPDF23_NNPDF30ME_ttH125_ZZ4l_allhad.root
1.92322(1)      1.92279(0.999779)       1.13606(0.590709)       0.539442(0.280489)      0.229559(0.119362)     0.0723213(0.0376043)    0.0527336(0.0274194)
346341.PowhegPy8EG_A14NNPDF23_NNPDF30ME_ttH125_ZZ4l_semilep.root
3.18036(1)      3.17539(0.998439)       1.57747(0.496003)       0.788983(0.24808)       0.391967(0.123246)     0.0920996(0.0289589)    0.064081(0.020149)
346342.PowhegPy8EG_A14NNPDF23_NNPDF30ME_ttH125_ZZ4l_dilep.root
0.963711(1)     0.957301(0.993349)      0.511176(0.530425)      0.278607(0.289098)      0.165184(0.171405)     0.0349864(0.0363038)    0.0226592(0.0235125)

WZs is in color kCyan
361601.PowhegPy8EG_WZlvll_mll4.root
5.18743(1)      5.06065(0.975561)       2.31711(0.446678)       1.58782(0.306089)       1.33377(0.257115)      0.64056(0.123483)       0.41805(0.080589)

rests is in color kOrange
410142.Sherpa_NNPDF30NNLO_ttll_mll5.root
120.15(1)       118.95(0.990014)        63.7945(0.530958)       38.478(0.32025)         25.1429(0.209263)      7.71859(0.0642414)      4.67627(0.0389203)
410472.PhPy8EG_A14_ttbar_hdamp258p75_dil.root
27.9449(1)      27.5277(0.985069)       13.7647(0.492566)       7.99284(0.286021)       6.08045(0.217587)      1.37124(0.0490695)      0.37268(0.0133362)